wn1=[285 270 260 300 295];
r1=wn1./285;
wn2=[260 240 250 270 280];
r2=wn2./285;